stop1.jpg
*****************Spatial Moments****************
2.14835e+08 1.37442e+11 1.00054e+11 1.21071e+14 6.43514e+13 6.22712e+13 1.19776e+17 5.67147e+16 4.01764e+16 4.3214e+16
*****************Central Moments****************
3.31419e+13 3.41311e+11 1.56735e+13 -8.52695e+13 -1.07772e+14 2.01666e+13 -3.86392e+14
************Normalized Central Moments**********
0.000718068 7.39501e-06 0.00033959 -1.26046e-07 -1.5931e-07 2.98104e-08 -5.71168e-07

left1.jpg
*****************Spatial Moments****************
1.97287e+08 1.23789e+11 9.1965e+10 1.09641e+14 5.79066e+13 5.81741e+13 1.09417e+17 5.11598e+16 3.67651e+16 4.10059e+16
*****************Central Moments****************
3.19689e+13 2.02545e+11 1.53047e+13 5.03617e+14 -2.03379e+14 7.45659e+13 -3.80452e+14
************Normalized Central Moments**********
0.000821358 5.20387e-06 0.000393214 9.21204e-07 -3.72017e-07 1.36394e-07 -6.95913e-07

right1.jpg
*****************Spatial Moments****************
2.15701e+08 1.37823e+11 9.52941e+10 1.2387e+14 6.0792e+13 5.8787e+13 1.25109e+17 5.47597e+16 3.74404e+16 4.09055e+16
*****************Central Moments****************
3.5807e+13 -9.65157e+10 1.66873e+13 2.03614e+14 1.59061e+14 -3.64766e+13 1.89709e+14
************Normalized Central Moments**********
0.000769595 -2.0744e-06 0.000358657 2.97971e-07 2.32773e-07 -5.33804e-08 2.77623e-07

t-intersection1.jpg
*****************Spatial Moments****************
2.00219e+08 1.34422e+11 8.88547e+10 1.22282e+14 5.92057e+13 5.51918e+13 1.23497e+17 5.38386e+16 3.66232e+16 3.87509e+16
*****************Central Moments****************
3.20347e+13 -4.48914e+11 1.57593e+13 -1.61465e+15 1.74356e+14 -3.2688e+13 2.69965e+14
************Normalized Central Moments**********
0.000799113 -1.11983e-05 0.00039312 -2.84651e-06 3.07378e-07 -5.76266e-08 4.75929e-07

40-1.jpg
*****************Spatial Moments****************
2.28731e+08 1.45913e+11 9.97772e+10 1.28281e+14 6.32476e+13 6.00258e+13 1.26752e+17 5.54956e+16 3.78923e+16 4.09579e+16
*****************Central Moments****************
3.51996e+13 -4.02718e+11 1.65009e+13 8.66482e+12 5.04806e+13 -4.82857e+13 3.77398e+14
************Normalized Central Moments**********
0.000672801 -7.6975e-06 0.000315396 1.09508e-08 6.37984e-08 -6.10245e-08 4.76964e-07
